1.5735893852056786
6.605822613901849
9.647197852131068
11.308030331716223
11.9715920842675
12.909475351459909
12.88504675874131
12.949342024126409
13.660565115093862
12.068878692430971
12.72356090163322
12.74854556795469
12.66986657202388
12.705742913019446
12.400650280899386
12.541507761373555
13.586324491643762
12.10867636433468
12.466907803079467
12.944710112833716
13.504287207801502
12.035038227550764
13.049328146685788
12.96213737029173
11.934577688005936
12.73554977126242
13.343380442655134
13.061609528535525
12.511257665359024
12.322139716690678
13.653729218940477
13.140506109433362
12.539057467380005
12.86194052519918
12.869679968208661
12.284243871034988
11.871545900014445
12.602844980424186
12.47862564638365
11.979914149325825
12.345053588421914
12.792452818617225
12.333604048486206
12.159369237289978
12.353980081017056
11.67189937288132
12.822070555615127
12.289160368343467
12.384245577425892
11.837373555671142
11.999428228031181
11.924752469814742
12.799215612788847
13.085077942554193
12.536788230369122
11.919317081446666
12.068515399125058
11.886827072826414
12.33472432097523
11.604602359301666
11.768641650964957
11.836017860694078
11.200227994197219
12.755130774518374
12.30636276424908
12.175443858335093
11.714032615753503
11.326839968146073
11.647295838032337
11.727255788155034
11.751460828941589
12.769853794711489
11.566859080923074
12.162661969424988
12.243281450685464
12.001254523166144
12.454198361642367
11.294610838885738
11.831037005000509
11.20775371229443
11.504934261445879
11.40093012665738
12.201043096103351
11.624822253501925
11.465949109408973
11.20588426899965
12.804223194966294
12.181853962886617
11.677584142084637
11.40550865193778
11.59511582629838
12.048450185359139
12.407681931957747
10.993410990619271
11.546842597293683
12.141725493023783
12.396774250592285
11.441636531353714
12.115529960128022
12.870682075444206
