3426.4234278202057
2380.1844568252563
1778.8168157339096
1358.779024720192
1078.7029297351837
874.4166444540024
715.0927476882935
589.1306157708168
491.1978769302368
412.6101146042347
352.1947315633297
304.1800206899643
268.69043958187103
238.6098215430975
213.87212823331356
194.92166578769684
180.00765919685364
167.22294028103352
156.75313150137663
148.1495469212532
141.98180118203163
135.89184304326773
132.0571759864688
127.13346297293901
123.49342443794012
119.91102004796267
118.28999619185925
115.2866767719388
113.79425289481878
111.19332043081522
109.36767062544823
107.89132773131132
105.48557574301958
104.802510432899
103.06262122094631
101.96304704248905
101.34806605428457
99.61693529039621
98.79402989894152
97.51875103265047
96.52040117233992
95.40326345339417
93.94017070531845
93.44916480779648
92.98509977385402
91.80176369100809
90.67810297757387
90.05593637377024
88.4871391095221
88.04794949665666
87.11055984348059
86.76308374479413
85.67881181836128
84.77776769176126
84.4420323073864
83.77938177809119
83.25654781982303
82.87595612928271
83.05036325380206
82.14102029055357
81.43083472177386
80.99504686892033
80.75663003325462
80.22742557525635
79.72930682450533
79.2591605745256
79.38776167109609
78.68606775999069
78.41496549919248
78.48543333634734
77.77882756665349
77.7506681419909
77.18555841967463
77.05916610360146
76.02752532064915
76.03993400931358
75.29134169220924
75.46591793745756
74.55893877148628
74.97382320836186
75.11844801157713
74.26142812147737
74.52009575814009
73.55279754847288
74.12335521355271
73.79089853167534
73.54099458269775
73.97872530296445
73.33472082391381
73.22770984470844
72.73356607556343
72.95018612407148
73.22801877558231
73.06657224521041
72.62964298203588
72.91733331605792
72.71568370983005
72.38922008499503
72.15780759602785
72.42802731320262
