3405.0494425296783
2302.9884588718414
1684.17613697052
1281.6689928770065
1013.9180852770805
821.5590896606445
670.8091111183167
553.0412258505821
460.61283576488495
389.6382657587528
332.5141060948372
288.9608498811722
255.64232403039932
228.03709363937378
205.8438704907894
187.8694432526827
173.55778954923153
161.94950339198112
152.2513427361846
145.61334732174873
138.73248078674078
132.82888808846474
129.01911814510822
124.62913989275694
121.3485989421606
117.98037860542536
115.33792680501938
113.1512570977211
110.60150318592787
109.33795107156038
106.92554131150246
105.42638280242682
104.18218958377838
102.036670666188
100.99539445340633
99.24846698716283
98.27603413537145
97.79076443985105
96.4011249691248
95.34463105723262
93.98407745733857
93.16097667440772
92.55200098454952
91.380564853549
89.98233368620276
89.58101433515549
88.47690604999661
87.43886365368962
86.41304679587483
86.24850327894092
85.31921479851007
84.63547491654754
84.1321412473917
83.85165731608868
82.76244887709618
83.03580238297582
82.26084085181355
81.36363078653812
80.70822862908244
80.5239298157394
80.15283357352018
79.86703599616885
79.36460197344422
79.73717929422855
79.13393218815327
78.31821628659964
78.01158287003636
77.75561320409179
77.55004708841443
77.16055038571358
76.67163451015949
76.28244546428323
76.32509382814169
76.14549213275313
75.74033273383975
75.88641411438584
74.8659588266164
74.54917407035828
74.48934307321906
74.51100490614772
73.34617302566767
73.65973082184792
73.39594426751137
72.92109116911888
73.06681862100959
73.38735593482852
73.05709150247276
72.87180855497718
73.43294246867299
72.63777541741729
72.56867853552103
72.78624507039785
72.05279106274247
72.62014529109001
72.21360690891743
72.19621102511883
71.89379157871008
71.4534677863121
71.63980589061975
71.82684420794249
