0.8301367503538595
4.41400050675002
7.260209061565106
6.601455941371455
12.061294539171026
13.271379538672823
11.165227347236193
13.301001656497395
13.229206272192734
13.002446741323496
13.236944381100235
13.272290846941473
13.008824673998332
13.276019645466791
11.01967233955323
12.492939580930525
13.21215366020437
12.571521961965667
12.481937913712136
12.090664464060378
12.415447961012841
13.136709493262163
12.753725096269827
12.430375209174729
12.489539409345198
12.407944766297287
11.837496056544545
12.796955229719604
12.794958985449572
12.551955640730213
12.508118590488507
13.142954289956021
11.598146744758587
12.867225124450163
12.911335462466017
13.071189494961338
12.449900028031866
12.9296929351367
12.319835598653508
13.63533705934277
12.427158646228856
12.261321321735469
13.298397367761766
13.409512717678535
12.11701903079652
12.526263558881496
12.722194566576395
11.920704947217073
12.280001143993227
13.023777537859694
12.87619621118533
12.56793865093141
11.872326500986889
12.369874594593005
11.737680593405445
12.014332603006334
12.498908821187767
12.743681350482408
11.55685475058927
11.957963139932918
12.53061622999876
12.571794014178597
12.101281853926281
11.890880783109159
12.203903372236919
12.42563368631248
11.961056708034485
12.2142039039846
12.664112969176703
13.010367586257383
12.513358997960566
12.203432701867497
12.181034623333746
12.701129677328415
12.57724518111225
12.67303494756
12.358271781574013
12.011668702622005
12.571585638553362
12.051731532316468
12.297309465415825
12.00022092767828
11.973980901234128
12.24898792541003
12.619216975720644
12.788653064657657
12.471025327639822
11.788223420895825
12.840322854184505
12.528316352789027
12.264213934905593
11.916606154570788
12.399362219049701
12.448278777850335
11.92165487077055
12.175571853255189
12.46821763115948
11.82517438166935
12.037076984544774
12.456177347680661
