1.018009842486899
2.7681547473584516
5.935375555105411
7.021824127227745
10.658706742605778
11.489663039593935
11.905031236514793
12.299634411529986
12.866962049319087
12.805710686726096
12.087176575087033
11.956643972349616
12.090685364872531
12.976849982938058
11.978132692524756
12.787567696799968
13.101856244818608
12.739173029190226
12.245219121546059
12.296112100374874
12.034735400624063
12.333376039594823
11.856104709161338
11.597779583788519
12.301694498027564
11.854289031119707
10.93260451763261
11.989164532779816
12.593959648862835
12.844337875927279
12.706711570266025
11.911739270236026
12.523019311861933
11.881057463452663
12.469530884338134
11.877442377888654
12.29173567292647
12.36103266836916
12.308276223469893
12.393754726905398
12.323136054912345
12.464180282368986
12.85232991199067
12.44802640964086
12.921035185953233
12.33022605447262
13.035800083866752
12.265878156326979
12.211996387780012
12.07453977260468
12.158061944936929
11.42538392045127
11.50365423247678
12.364478716785941
12.390573944011594
12.291902581021771
12.376238897114115
11.685603796151272
12.472142185286424
12.179276326076524
12.45216942322118
12.0998461886129
12.927483409078352
12.15876149544483
12.67110154284952
11.906255282777467
11.424027287673493
12.332512803127905
12.506755383891571
12.813303065644613
12.379335092678406
12.227236920672386
12.404305598894263
12.273792162986002
12.949352776555562
11.703440430676032
11.851108287961349
11.90143503840564
12.0083653720638
11.66826282218037
12.156494053565584
12.027873557034715
12.20780092132232
12.766718782914651
12.457893547439141
11.936547769673616
12.247396034955695
12.173317428121694
12.537771701044056
12.105872964798605
12.596027427320317
12.247723775215327
12.062294709125803
12.307875495443325
12.407261799742008
11.451124587284546
12.09161053249866
12.12387576704375
12.391097354240213
12.335386101802362
