1.0282754949732136
3.3193960694167237
7.3839429856635705
9.597620412869803
10.83422085165665
11.581296525076239
12.18414345842218
11.886407798766916
12.396595050420158
12.11519603591142
12.292277392129563
12.805136402795924
12.363822346894459
12.588998166044924
11.882815119266935
11.866311192658035
12.852923476538667
11.5012799529897
12.697356565688928
12.473066204625548
12.832641721500057
12.309358741410305
12.527109905811248
12.064050140729474
12.642595436745912
12.183020172757955
12.872882650289267
11.60658275994724
12.244239074353946
12.687099913865527
12.158917819398276
11.967297252977628
12.533417474431674
12.817495110752994
12.059830084362968
12.242946561721316
11.933254047157934
12.824292010784719
12.536284010085483
12.838456905305035
12.32333307091691
11.836371909557915
12.438410873816592
12.70868662847956
12.261274937557696
11.893278388313272
12.893625086585034
12.144586095819834
11.44591381302808
11.94914823324408
12.18815667323026
12.684376676464263
11.655974474044925
12.457878045684595
12.145675542003401
12.559700510598844
11.962228974048598
12.6403881769201
12.774969913602119
12.47987512590064
12.524037943308914
12.034443252511338
12.415690832876688
12.318882465350445
12.667263918671686
12.04558576569267
12.206184738127801
11.739362683115585
11.554901636950772
12.01816938942498
12.341388301111518
12.830724016717069
11.854561159376043
12.502568136969844
11.855545871258318
12.376172328430233
12.404055405886268
12.000368626188859
11.857136220107426
11.365182162576538
11.76096714122127
11.941798290544895
12.791733915965064
11.932742808532401
11.046290814849453
11.835753663087598
12.343821782463715
11.956665080562951
12.800026755762378
12.751790010272071
12.517420752269
12.09974984699298
11.849285127905123
12.43793600848672
12.510426346701193
11.68867485752465
11.197479105237822
11.83799671922943
12.572028617834738
12.52496778573545
