3314.961319923401
2025.993595123291
1439.9976609945297
1108.0190168619156
883.2159323096275
714.4172883033752
586.5472384691238
486.89451706409454
408.05374097824097
346.8736050724983
300.33365017175674
263.3331656605005
235.35754050314426
211.59783969819546
192.01890403032303
176.6008915603161
164.27760356664658
154.24696543067694
145.4656310454011
138.47678231447935
131.42146705836058
127.73964527249336
122.40605238080025
118.51512455195189
115.46013358980417
112.23450982570648
110.12343444675207
107.34070585668087
104.94062774628401
103.77092561870813
101.17452919855714
99.50615575164557
97.78849026933312
96.40298852324486
95.61684145778418
93.38094940781593
92.34886179119349
91.72265139222145
90.83778667077422
89.45220101624727
88.47428899258375
88.02657620236278
86.8517940826714
86.49631192162633
85.37401333078742
84.63262416794896
83.84607620537281
83.08722465112805
82.40552490577102
81.52268910780549
80.8660017028451
80.5865762680769
79.57724634557962
79.36245437338948
78.82274224236608
78.11656802892685
77.99977501109242
77.60501345992088
76.96235402673483
77.31040171533823
76.48549581691623
76.65279118344188
75.95724125951529
75.5993865057826
75.99361165985465
75.40220863372087
74.88260662555695
74.87760255485773
74.33907435834408
74.42823041975498
73.6675437912345
73.48999774456024
72.72777819819748
73.23676869273186
72.79677141457796
72.36440348252654
72.80405044741929
72.44724409095943
72.1402458511293
72.39102528989315
71.40027249976993
71.50616279989481
71.18104113638401
71.1976925060153
70.73256754502654
71.51963131129742
70.85229123011231
71.04671567678452
70.4823205024004
70.69686743989587
70.55563081800938
70.41770463436842
70.05996284075081
70.40909532830119
70.35762714222074
70.04012135788798
70.25862170010805
69.8530504219234
70.09761540219188
69.86843431740999
