3373.8797347545624
2192.712193965912
1579.0460177659988
1202.2308385372162
954.8363527059555
772.6926083564758
633.9450780153275
523.9480934143066
438.6344725191593
371.11694929003716
318.99358052015305
279.35944955050945
247.75389182567596
221.44359762966633
200.66994652152061
183.4172142893076
170.61715571582317
160.12822020053864
150.6153145954013
143.01741106808186
136.61172526329756
131.0131447315216
127.40910919755697
122.52078305184841
118.83685147762299
115.99727791547775
113.90048601478338
110.32765559107065
108.12097737193108
106.57955224066973
104.56832624599338
102.86189797148108
101.29650148004293
100.21544761955738
98.66798312216997
97.3795015886426
96.45223835855722
95.70585549995303
94.4051253348589
93.41891525685787
92.34915907308459
91.69442221522331
90.94019174203277
89.2875552996993
88.80893049389124
88.29763048514724
86.66292484477162
86.0044579654932
85.45783164352179
84.52199092879891
84.12440941855311
83.30439865216613
82.68189812079072
82.11932849138975
81.68999932333827
81.35420389845967
80.74290081486106
80.23436569422483
79.64763871207833
79.29997250810266
79.17769650742412
78.55356384441257
78.23652635887265
77.61635392159224
76.98654662445188
77.07800083607435
76.7909300737083
76.3983937241137
75.98314952477813
75.83782944083214
74.82813355326653
75.00625650957227
74.50810025259852
74.44215884432197
74.02639902383089
74.20369183644652
74.15701824240386
73.73138397932053
73.02731609344482
72.92300754785538
73.20498624444008
72.53484582901001
72.52587916702032
72.76120255887508
72.34711155295372
72.62202224507928
72.63582380488515
72.32663420960307
71.73946054652333
71.88234316930175
71.40141286328435
71.47898577526212
70.71924229711294
71.03556776791811
71.13960966467857
70.94946978613734
70.8408139217645
71.56571986153722
71.14729434996843
70.89654493331909
